Epoch		Train-loss		Test-loss		Train-IoU		Test-IoU		learningRate
1		2.8714		2.8936		0.0000		0.1410		0.00050000
2		2.8226		2.8285		0.0000		0.2082		0.00049850
3		2.8033		2.8080		0.0000		0.2371		0.00049700
4		2.7902		2.7927		0.0000		0.2386		0.00049550
5		2.7796		2.7826		0.0000		0.2775		0.00049400
6		2.7724		2.7876		0.0000		0.2650		0.00049249
7		2.7650		2.7723		0.0000		0.3005		0.00049099
8		2.7582		2.7653		0.0000		0.3365		0.00048949
9		2.7559		2.7699		0.0000		0.2775		0.00048798
10		2.7498		2.7478		0.0000		0.3343		0.00048648
11		2.7430		2.7799		0.0000		0.2869		0.00048497
12		2.7436		2.7420		0.0000		0.3461		0.00048347
13		2.7377		2.7347		0.0000		0.3615		0.00048196
14		2.7374		2.7464		0.0000		0.3639		0.00048046
15		2.7335		2.7369		0.0000		0.3668		0.00047895
16		2.7293		2.7470		0.0000		0.3254		0.00047744
17		2.7289		2.7301		0.0000		0.3648		0.00047593
18		2.7258		2.7389		0.0000		0.3801		0.00047443
19		2.7250		2.7458		0.0000		0.3407		0.00047292
20		2.7246		2.7239		0.0000		0.3825		0.00047141
21		2.7223		2.7384		0.0000		0.3858		0.00046990
22		2.7198		2.7204		0.0000		0.3986		0.00046839
23		2.7187		2.7370		0.0000		0.3515		0.00046688
24		2.7192		2.7243		0.0000		0.3892		0.00046536
25		2.7159		2.7164		0.0000		0.4305		0.00046385
26		2.7143		2.7189		0.0000		0.3808		0.00046234
27		2.7138		2.7305		0.0000		0.3626		0.00046083
28		2.7119		2.7225		0.0000		0.4018		0.00045931
29		2.7128		2.7238		0.0000		0.3973		0.00045780
30		2.7187		2.7329		0.0000		0.3618		0.00045628
31		2.7105		2.7219		0.0000		0.3735		0.00045477
32		2.7085		2.7152		0.0000		0.4085		0.00045325
33		2.7099		2.7114		0.0000		0.4329		0.00045173
34		2.7050		2.7143		0.0000		0.4199		0.00045022
35		2.7077		2.7198		0.0000		0.4043		0.00044870
36		2.7057		2.7146		0.0000		0.4203		0.00044718
37		2.7040		2.7150		0.0000		0.4212		0.00044566
38		2.7079		2.7143		0.0000		0.3999		0.00044414
39		2.7087		2.7104		0.0000		0.4330		0.00044262
40		2.7035		2.7071		0.0000		0.4446		0.00044110
41		2.7018		2.7108		0.0000		0.4193		0.00043958
42		2.7015		2.7147		0.0000		0.4055		0.00043806
43		2.7016		2.7072		0.0000		0.4124		0.00043653
44		2.7021		2.7177		0.0000		0.4369		0.00043501
45		2.7011		2.7128		0.0000		0.3955		0.00043349
46		2.7017		2.7106		0.0000		0.4253		0.00043196
47		2.6986		2.7114		0.0000		0.4421		0.00043044
48		2.7016		2.7059		0.0000		0.4326		0.00042891
49		2.6960		2.7059		0.0000		0.4260		0.00042739
50		2.6978		2.7079		0.0000		0.4454		0.00042586
51		2.6997		2.7130		0.0000		0.4102		0.00042433
52		2.6985		2.7220		0.0000		0.4045		0.00042281
53		2.6997		2.6998		0.0000		0.4616		0.00042128
54		2.6959		2.7078		0.0000		0.4354		0.00041975
55		2.6971		2.7075		0.0000		0.4123		0.00041822
56		2.6985		2.7030		0.0000		0.4574		0.00041669
57		2.6948		2.7033		0.0000		0.4516		0.00041516
58		2.6944		2.7100		0.0000		0.4402		0.00041362
59		2.6944		2.7034		0.0000		0.4382		0.00041209
60		2.7001		2.7141		0.0000		0.4047		0.00041056
61		2.6930		2.7013		0.0000		0.4471		0.00040903
62		2.6928		2.6990		0.0000		0.4636		0.00040749
63		2.6933		2.7025		0.0000		0.4294		0.00040596
64		2.6907		2.7038		0.0000		0.4597		0.00040442
65		2.6930		2.7162		0.0000		0.4313		0.00040289
66		2.6952		2.7023		0.0000		0.4386		0.00040135
67		2.6891		2.7265		0.0000		0.4092		0.00039981
68		2.6973		2.6981		0.0000		0.4510		0.00039827
69		2.6924		2.7046		0.0000		0.4475		0.00039673
70		2.6899		2.7099		0.0000		0.4473		0.00039520
71		2.6883		2.6997		0.0000		0.4574		0.00039366
72		2.6929		2.6968		0.0000		0.4772		0.00039211
73		2.6898		2.7143		0.0000		0.4372		0.00039057
74		2.6941		2.7013		0.0000		0.4622		0.00038903
75		2.6882		2.6971		0.0000		0.4830		0.00038749
76		2.6907		2.7081		0.0000		0.4255		0.00038594
77		2.6913		2.7006		0.0000		0.4591		0.00038440
78		2.6879		2.7271		0.0000		0.4036		0.00038286
79		2.6924		2.6989		0.0000		0.4692		0.00038131
80		2.6858		2.6985		0.0000		0.4840		0.00037976
81		2.6903		2.7036		0.0000		0.4562		0.00037822
82		2.6878		2.7038		0.0000		0.4881		0.00037667
83		2.6934		2.7081		0.0000		0.4061		0.00037512
84		2.6904		2.7052		0.0000		0.4625		0.00037357
85		2.6860		2.6977		0.0000		0.4705		0.00037202
86		2.6881		2.7007		0.0000		0.4695		0.00037047
87		2.6842		2.7098		0.0000		0.4278		0.00036892
88		2.6917		2.7089		0.0000		0.4131		0.00036737
89		2.6900		2.6976		0.0000		0.4629		0.00036582
90		2.6841		2.6975		0.0000		0.4864		0.00036426
91		2.6910		2.6985		0.0000		0.4694		0.00036271
92		2.6843		2.6987		0.0000		0.5020		0.00036115
93		2.6858		2.6983		0.0000		0.4681		0.00035960
94		2.6856		2.7021		0.0000		0.4814		0.00035804
95		2.6875		2.7027		0.0000		0.4324		0.00035649
96		2.6861		2.7037		0.0000		0.4686		0.00035493
97		2.6860		2.6992		0.0000		0.4779		0.00035337
98		2.6874		2.7065		0.0000		0.4341		0.00035181
99		2.6845		2.6914		0.0000		0.4874		0.00035025
100		2.6822		2.7029		0.0000		0.4609		0.00034869
101		2.6832		2.6958		0.0000		0.4801		0.00034713
102		2.6847		2.7062		0.0000		0.4511		0.00034556
103		2.6827		2.6985		0.0000		0.4650		0.00034400
104		2.6851		2.6973		0.0000		0.4830		0.00034244
105		2.6838		2.7009		0.0000		0.4380		0.00034087
106		2.6840		2.6943		0.0000		0.4684		0.00033931
107		2.6804		2.7032		0.0000		0.4843		0.00033774
108		2.6826		2.6991		0.0000		0.4914		0.00033617
109		2.6841		2.6995		0.0000		0.4741		0.00033460
110		2.6871		2.6965		0.0000		0.4954		0.00033304
111		2.6817		2.7058		0.0000		0.4801		0.00033147
112		2.6835		2.6965		0.0000		0.4991		0.00032990
113		2.6813		2.7010		0.0000		0.4811		0.00032832
114		2.6814		2.6957		0.0000		0.4779		0.00032675
115		2.6794		2.6918		0.0000		0.4820		0.00032518
116		2.6876		2.6976		0.0000		0.5073		0.00032361
117		2.6791		2.6922		0.0000		0.4748		0.00032203
118		2.6829		2.7140		0.0000		0.4315		0.00032045
119		2.6817		2.6920		0.0000		0.5002		0.00031888
120		2.6790		2.6945		0.0000		0.4856		0.00031730
121		2.6784		2.6898		0.0000		0.5068		0.00031572
122		2.6813		2.6963		0.0000		0.5087		0.00031414
123		2.6803		2.6939		0.0000		0.4990		0.00031256
124		2.6815		2.6995		0.0000		0.4831		0.00031098
125		2.6817		2.7160		0.0000		0.4376		0.00030940
126		2.6814		2.6922		0.0000		0.4971		0.00030782
127		2.6810		2.6973		0.0000		0.4782		0.00030624
128		2.6797		2.7004		0.0000		0.4741		0.00030465
129		2.6810		2.6942		0.0000		0.5145		0.00030307
130		2.6774		2.6945		0.0000		0.5255		0.00030148
131		2.6781		2.7064		0.0000		0.4818		0.00029989
132		2.6765		2.6958		0.0000		0.4643		0.00029830
133		2.6824		2.6971		0.0000		0.4951		0.00029671
134		2.6791		2.6937		0.0000		0.5318		0.00029512
135		2.6826		2.6932		0.0000		0.5100		0.00029353
136		2.6765		2.6924		0.0000		0.5119		0.00029194
137		2.6775		2.6984		0.0000		0.4979		0.00029035
138		2.6779		2.6977		0.0000		0.4844		0.00028876
139		2.6754		2.6922		0.0000		0.5174		0.00028716
140		2.6777		2.6923		0.0000		0.5022		0.00028556
141		2.6767		2.6961		0.0000		0.4881		0.00028397
142		2.6768		2.6955		0.0000		0.5085		0.00028237
143		2.6817		2.6951		0.0000		0.4959		0.00028077
144		2.6757		2.6919		0.0000		0.5085		0.00027917
145		2.6756		2.6913		0.0000		0.5103		0.00027757
146		2.6768		2.6903		0.0000		0.5268		0.00027597
147		2.6755		2.6929		0.0000		0.5011		0.00027437
148		2.6767		2.6927		0.0000		0.5049		0.00027276
149		2.6741		2.7044		0.0000		0.4581		0.00027116
150		2.6761		2.6973		0.0000		0.4770		0.00026955
151		2.6768		2.6952		0.0000		0.5198		0.00026794
152		2.6727		2.6908		0.0000		0.5236		0.00026634
153		2.6768		2.6902		0.0000		0.5129		0.00026473
154		2.6755		2.6875		0.0000		0.5145		0.00026312
155		2.6718		2.6892		0.0000		0.5097		0.00026150
156		2.6766		2.6942		0.0000		0.5095		0.00025989
157		2.6728		2.6880		0.0000		0.5066		0.00025828
158		2.6708		2.6893		0.0000		0.5107		0.00025666
159		2.6716		2.6895		0.0000		0.4892		0.00025505
160		2.6749		2.7053		0.0000		0.4763		0.00025343
161		2.6770		2.6863		0.0000		0.5048		0.00025181
162		2.6755		2.6942		0.0000		0.5025		0.00025019
163		2.6827		2.6956		0.0000		0.5289		0.00024857
164		2.6724		2.6893		0.0000		0.5192		0.00024695
165		2.6723		2.6867		0.0000		0.5109		0.00024533
166		2.6753		2.6877		0.0000		0.5291		0.00024370
167		2.6693		2.6913		0.0000		0.5185		0.00024208
168		2.6703		2.6888		0.0000		0.5348		0.00024045
169		2.6773		2.6919		0.0000		0.5066		0.00023882
170		2.6732		2.6902		0.0000		0.5231		0.00023719
171		2.6689		2.6885		0.0000		0.5246		0.00023556
172		2.6718		2.7036		0.0000		0.4789		0.00023393
173		2.6714		2.6891		0.0000		0.5279		0.00023230
174		2.6718		2.6960		0.0000		0.4832		0.00023067
175		2.6735		2.6907		0.0000		0.5473		0.00022903
176		2.6690		2.6913		0.0000		0.5092		0.00022739
177		2.6710		2.6934		0.0000		0.5183		0.00022576
178		2.6722		2.6922		0.0000		0.5300		0.00022412
179		2.6713		2.6877		0.0000		0.5238		0.00022248
180		2.6702		2.6893		0.0000		0.5178		0.00022083
181		2.6698		2.6899		0.0000		0.5257		0.00021919
1		2.8704		2.8740		0.0000		0.1469		0.00050000
2		2.8206		2.8297		0.0000		0.2002		0.00049775
3		2.8008		2.8029		0.0000		0.2614		0.00049550
4		2.7874		2.7922		0.0000		0.2444		0.00049324
5		2.7774		2.7808		0.0000		0.3008		0.00049099
6		2.7705		2.7849		0.0000		0.2948		0.00048874
7		2.7639		2.7876		0.0000		0.2795		0.00048648
8		2.7579		2.7751		0.0000		0.2848		0.00048422
9		2.7534		2.7595		0.0000		0.3440		0.00048196
10		2.7514		2.7821		0.0000		0.2834		0.00047970
11		2.7461		2.7425		0.0000		0.3533		0.00047744
12		2.7415		2.7463		0.0000		0.3429		0.00047518
13		2.7390		2.7631		0.0000		0.2913		0.00047292
14		2.7382		2.7471		0.0000		0.3577		0.00047065
15		2.7343		2.7380		0.0000		0.3388		0.00046839
16		2.7294		2.7307		0.0000		0.3649		0.00046612
17		2.7281		2.7309		0.0000		0.4041		0.00046385
18		2.7281		2.7281		0.0000		0.3989		0.00046158
19		2.7225		2.7331		0.0000		0.3919		0.00045931
20		2.7222		2.7276		0.0000		0.3763		0.00045704
21		2.7188		2.7314		0.0000		0.3911		0.00045477
22		2.7186		2.7278		0.0000		0.3712		0.00045249
23		2.7204		2.7335		0.0000		0.3515		0.00045022
24		2.7186		2.7236		0.0000		0.3999		0.00044794
25		2.7152		2.7209		0.0000		0.4094		0.00044566
26		2.7150		2.7322		0.0000		0.3815		0.00044338
27		2.7112		2.7221		0.0000		0.3947		0.00044110
28		2.7102		2.7234		0.0000		0.3932		0.00043882
29		2.7088		2.7303		0.0000		0.4038		0.00043653
30		2.7120		2.7125		0.0000		0.4044		0.00043425
31		2.7095		2.7167		0.0000		0.4010		0.00043196
32		2.7069		2.7136		0.0000		0.4341		0.00042968
33		2.7056		2.7112		0.0000		0.4345		0.00042739
34		2.7087		2.7166		0.0000		0.4069		0.00042510
35		2.7061		2.7105		0.0000		0.4207		0.00042281
36		2.7029		2.7095		0.0000		0.3994		0.00042051
37		2.7031		2.7179		0.0000		0.4097		0.00041822
38		2.7031		2.7091		0.0000		0.4237		0.00041592
39		2.7024		2.7106		0.0000		0.4343		0.00041362
40		2.7006		2.7131		0.0000		0.4499		0.00041133
41		2.7064		2.7117		0.0000		0.4276		0.00040903
42		2.7024		2.7083		0.0000		0.4473		0.00040672
43		2.6992		2.7024		0.0000		0.4683		0.00040442
44		2.6976		2.7081		0.0000		0.4148		0.00040212
45		2.6994		2.7084		0.0000		0.4103		0.00039981
46		2.7019		2.7189		0.0000		0.4025		0.00039750
47		2.6973		2.7130		0.0000		0.4287		0.00039520
48		2.6992		2.7103		0.0000		0.4130		0.00039288
49		2.6963		2.7044		0.0000		0.4700		0.00039057
50		2.6937		2.7061		0.0000		0.4467		0.00038826
51		2.6937		2.7029		0.0000		0.4416		0.00038594
52		2.6928		2.7084		0.0000		0.4415		0.00038363
53		2.6973		2.7101		0.0000		0.4442		0.00038131
54		2.6940		2.7111		0.0000		0.4080		0.00037899
55		2.6945		2.7065		0.0000		0.4489		0.00037667
56		2.6930		2.7092		0.0000		0.4504		0.00037435
57		2.6928		2.7015		0.0000		0.4545		0.00037202
58		2.7004		2.7184		0.0000		0.4220		0.00036970
59		2.6933		2.7122		0.0000		0.4230		0.00036737
60		2.6930		2.7033		0.0000		0.4471		0.00036504
61		2.6903		2.7006		0.0000		0.4557		0.00036271
62		2.6903		2.7133		0.0000		0.4656		0.00036038
63		2.6925		2.7039		0.0000		0.4740		0.00035804
64		2.6912		2.7022		0.0000		0.4396		0.00035571
65		2.6886		2.7024		0.0000		0.4537		0.00035337
66		2.6917		2.7082		0.0000		0.4432		0.00035103
67		2.6911		2.7134		0.0000		0.4364		0.00034869
68		2.6905		2.7156		0.0000		0.4421		0.00034635
69		2.6916		2.6942		0.0000		0.4578		0.00034400
70		2.6884		2.6977		0.0000		0.4468		0.00034165
71		2.6868		2.6972		0.0000		0.4586		0.00033931
72		2.6860		2.7022		0.0000		0.4576		0.00033696
73		2.6866		2.6995		0.0000		0.4529		0.00033460
74		2.6883		2.7031		0.0000		0.4435		0.00033225
75		2.6858		2.7033		0.0000		0.4729		0.00032990
76		2.6925		2.6989		0.0000		0.4630		0.00032754
77		2.6873		2.7070		0.0000		0.4505		0.00032518
78		2.6854		2.6954		0.0000		0.4819		0.00032282
79		2.6854		2.7049		0.0000		0.4666		0.00032045
80		2.6840		2.6977		0.0000		0.4603		0.00031809
81		2.6843		2.6951		0.0000		0.4627		0.00031572
82		2.6829		2.6993		0.0000		0.4710		0.00031335
83		2.6854		2.7017		0.0000		0.4226		0.00031098
84		2.6849		2.7174		0.0000		0.4524		0.00030861
85		2.6876		2.6950		0.0000		0.4713		0.00030624
86		2.6818		2.6970		0.0000		0.4871		0.00030386
87		2.6827		2.6944		0.0000		0.4895		0.00030148
88		2.6852		2.7048		0.0000		0.4562		0.00029910
89		2.6818		2.6914		0.0000		0.4848		0.00029671
90		2.6847		2.6966		0.0000		0.4504		0.00029433
91		2.6817		2.7048		0.0000		0.4557		0.00029194
92		2.6802		2.6979		0.0000		0.4913		0.00028955
93		2.6808		2.7032		0.0000		0.4502		0.00028716
94		2.6842		2.6995		0.0000		0.4788		0.00028477
95		2.6809		2.6963		0.0000		0.4774		0.00028237
96		2.6808		2.7004		0.0000		0.4616		0.00027997
97		2.6807		2.6921		0.0000		0.4978		0.00027757
98		2.6793		2.6993		0.0000		0.4673		0.00027517
99		2.6799		2.6965		0.0000		0.4850		0.00027276
100		2.6813		2.6972		0.0000		0.4902		0.00027035
101		2.6781		2.7011		0.0000		0.4840		0.00026794
102		2.6803		2.6976		0.0000		0.4584		0.00026553
103		2.6796		2.6935		0.0000		0.4942		0.00026312
104		2.6818		2.6924		0.0000		0.4784		0.00026070
105		2.6758		2.6925		0.0000		0.4971		0.00025828
106		2.6810		2.6979		0.0000		0.4820		0.00025586
107		2.6812		2.6956		0.0000		0.4893		0.00025343
108		2.6768		2.6941		0.0000		0.4955		0.00025100
109		2.6763		2.6950		0.0000		0.4943		0.00024857
110		2.6762		2.6944		0.0000		0.4898		0.00024614
111		2.6789		2.6935		0.0000		0.4813		0.00024370
112		2.6764		2.6935		0.0000		0.5172		0.00024126
113		2.6771		2.6914		0.0000		0.5070		0.00023882
114		2.6745		2.6939		0.0000		0.4911		0.00023638
115		2.6776		2.6937		0.0000		0.4886		0.00023393
116		2.6759		2.7051		0.0000		0.4671		0.00023148
117		2.6790		2.7002		0.0000		0.4470		0.00022903
118		2.6788		2.7086		0.0000		0.4284		0.00022658
119		2.6800		2.6958		0.0000		0.5021		0.00022412
120		2.6732		2.6888		0.0000		0.5074		0.00022166
121		2.6721		2.6896		0.0000		0.5070		0.00021919
122		2.6715		2.6908		0.0000		0.5039		0.00021672
123		2.6773		2.6885		0.0000		0.4987		0.00021425
124		2.6727		2.6911		0.0000		0.4982		0.00021178
125		2.6765		2.6907		0.0000		0.5033		0.00020930
126		2.6740		2.6934		0.0000		0.5189		0.00020682
127		2.6770		2.6892		0.0000		0.5006		0.00020434
128		2.6717		2.6867		0.0000		0.5107		0.00020185
129		2.6711		2.6946		0.0000		0.5020		0.00019936
130		2.6720		2.6956		0.0000		0.5062		0.00019687
131		2.6721		2.6923		0.0000		0.4873		0.00019437
132		2.6715		2.6976		0.0000		0.4787		0.00019187
133		2.6713		2.6883		0.0000		0.5113		0.00018937
134		2.6721		2.6936		0.0000		0.5021		0.00018686
135		2.6730		2.7011		0.0000		0.4790		0.00018435
136		2.6709		2.6911		0.0000		0.5069		0.00018183
137		2.6703		2.6891		0.0000		0.5187		0.00017931
138		2.6713		2.6897		0.0000		0.5168		0.00017679
139		2.6696		2.6943		0.0000		0.5081		0.00017426
140		2.6721		2.6913		0.0000		0.4937		0.00017173
141		2.6689		2.6890		0.0000		0.5256		0.00016919
142		2.6714		2.6897		0.0000		0.5227		0.00016665
143		2.6686		2.6918		0.0000		0.5212		0.00016411
144		2.6691		2.6952		0.0000		0.4934		0.00016156
145		2.6690		2.6989		0.0000		0.4970		0.00015901
146		2.6684		2.6890		0.0000		0.5154		0.00015645
147		2.6726		2.6897		0.0000		0.5033		0.00015389
148		2.6683		2.6872		0.0000		0.5145		0.00015132
149		2.6672		2.6859		0.0000		0.5170		0.00014875
150		2.6671		2.6873		0.0000		0.5222		0.00014617
151		2.6676		2.6885		0.0000		0.5177		0.00014359
152		2.6660		2.6897		0.0000		0.5300		0.00014100
153		2.6682		2.6907		0.0000		0.5258		0.00013841
154		2.6689		2.6887		0.0000		0.5220		0.00013581
155		2.6660		2.6866		0.0000		0.5319		0.00013321
156		2.6656		2.6890		0.0000		0.5171		0.00013060
157		2.6652		2.6895		0.0000		0.5281		0.00012798
158		2.6663		2.6911		0.0000		0.5137		0.00012536
159		2.6658		2.6878		0.0000		0.5135		0.00012273
160		2.6657		2.6905		0.0000		0.5282		0.00012010
161		2.6631		2.6877		0.0000		0.5245		0.00011746
162		2.6649		2.6879		0.0000		0.5258		0.00011482
163		2.6643		2.6910		0.0000		0.5187		0.00011216
164		2.6652		2.6894		0.0000		0.5273		0.00010950
165		2.6647		2.6889		0.0000		0.5300		0.00010684
166		2.6647		2.6898		0.0000		0.5265		0.00010416
167		2.6636		2.6869		0.0000		0.5322		0.00010148
168		2.6639		2.6882		0.0000		0.5332		0.00009879
169		2.6624		2.6876		0.0000		0.5222		0.00009609
170		2.6634		2.6877		0.0000		0.5325		0.00009338
171		2.6625		2.6895		0.0000		0.5325		0.00009067
172		2.6623		2.6897		0.0000		0.5347		0.00008794
173		2.6623		2.6885		0.0000		0.5161		0.00008521
174		2.6619		2.6891		0.0000		0.5357		0.00008247
175		2.6617		2.6868		0.0000		0.5356		0.00007971
176		2.6610		2.6896		0.0000		0.5367		0.00007695
177		2.6610		2.6903		0.0000		0.5251		0.00007417
178		2.6622		2.6898		0.0000		0.5380		0.00007138
179		2.6603		2.6878		0.0000		0.5368		0.00006858
180		2.6607		2.6878		0.0000		0.5446		0.00006577
181		2.6605		2.6846		0.0000		0.5469		0.00006295
182		2.6595		2.6874		0.0000		0.5434		0.00006011
183		2.6598		2.6858		0.0000		0.5463		0.00005725
184		2.6595		2.6859		0.0000		0.5398		0.00005438
185		2.6590		2.6873		0.0000		0.5432		0.00005149
186		2.6593		2.6874		0.0000		0.5421		0.00004859
187		2.6586		2.6858		0.0000		0.5425		0.00004566
188		2.6582		2.6869		0.0000		0.5467		0.00004272
189		2.6585		2.6893		0.0000		0.5463		0.00003975
190		2.6584		2.6873		0.0000		0.5411		0.00003675
191		2.6580		2.6873		0.0000		0.5419		0.00003373
192		2.6576		2.6866		0.0000		0.5483		0.00003068
193		2.6578		2.6871		0.0000		0.5484		0.00002759
194		2.6572		2.6874		0.0000		0.5423		0.00002447
195		2.6571		2.6869		0.0000		0.5524		0.00002130
196		2.6567		2.6877		0.0000		0.5480		0.00001808
197		2.6565		2.6889		0.0000		0.5502		0.00001479
198		2.6569		2.6848		0.0000		0.5480		0.00001141
199		2.6560		2.6875		0.0000		0.5515		0.00000792
200		2.6560		2.6877		0.0000		0.5481		0.00000425